# unix_time, cycles_done, cur_path, paths_total, pending_total, pending_favs, map_size, unique_crashes, unique_hangs, max_depth, execs_per_sec
1640787521, 0, 0, 4, 4, 2, 0.07%, 0, 0, 1, 571.43
1640787526, 1, 30, 34, 22, 0, 0.07%, 7, 0, 3, 3422.40
1640787531, 4, 22, 35, 12, 0, 0.07%, 7, 0, 3, 3407.04
1640787536, 9, 31, 35, 6, 0, 0.07%, 7, 0, 3, 3490.15
1640787541, 15, 1, 35, 1, 0, 0.07%, 7, 0, 3, 3581.91
1640787547, 22, 8, 35, 0, 0, 0.07%, 7, 0, 3, 3717.33
1640787552, 27, 1, 35, 0, 0, 0.07%, 7, 0, 3, 3624.40
1640787557, 33, 1, 35, 0, 0, 0.07%, 7, 0, 3, 3561.06
1640787562, 39, 16, 35, 0, 0, 0.07%, 7, 0, 3, 3558.73
1640787567, 45, 16, 35, 0, 0, 0.07%, 7, 0, 3, 3580.87
1640787572, 51, 8, 35, 0, 0, 0.07%, 7, 0, 3, 3616.12
1640787577, 56, 16, 35, 0, 0, 0.07%, 7, 0, 3, 3450.74
1640787582, 63, 16, 35, 0, 0, 0.07%, 7, 0, 3, 3712.29
1640787587, 68, 16, 35, 0, 0, 0.07%, 7, 0, 3, 3606.51
1640787593, 74, 1, 35, 0, 0, 0.07%, 7, 0, 3, 3597.40
1640787598, 80, 1, 35, 0, 0, 0.07%, 7, 0, 3, 3613.03
1640787603, 86, 1, 35, 0, 0, 0.07%, 7, 0, 3, 3559.44
1640787608, 91, 16, 35, 0, 0, 0.07%, 7, 0, 3, 3633.55
1640787613, 99, 1, 35, 0, 0, 0.07%, 7, 0, 3, 3632.18
1640787618, 104, 10, 35, 0, 0, 0.07%, 7, 0, 3, 3566.37
1640787623, 110, 1, 35, 0, 0, 0.07%, 7, 0, 3, 3582.62
1640787628, 115, 15, 35, 0, 0, 0.07%, 7, 0, 3, 3635.81
1640787634, 120, 33, 35, 0, 0, 0.07%, 7, 0, 3, 3534.83
1640787639, 127, 16, 35, 0, 0, 0.07%, 7, 0, 3, 3559.55
1640787644, 134, 1, 35, 0, 0, 0.07%, 7, 0, 3, 3703.96
1640787649, 139, 16, 35, 0, 0, 0.07%, 7, 0, 3, 3669.82
1640787654, 146, 16, 35, 0, 0, 0.07%, 7, 0, 3, 3732.93
1640787659, 151, 8, 35, 0, 0, 0.07%, 7, 0, 3, 3539.97
1640787665, 157, 18, 35, 0, 0, 0.07%, 7, 0, 3, 3573.55
1640787670, 163, 16, 35, 0, 0, 0.07%, 7, 0, 3, 3558.40
1640787675, 169, 23, 35, 0, 0, 0.07%, 7, 0, 3, 3638.67
1640787680, 176, 16, 35, 0, 0, 0.07%, 7, 0, 3, 3563.50
1640787685, 182, 16, 35, 0, 0, 0.07%, 7, 0, 3, 3576.03
1640787690, 189, 5, 35, 0, 0, 0.07%, 7, 0, 3, 3656.56
1640787695, 196, 1, 35, 0, 0, 0.07%, 7, 0, 3, 3653.38
1640787700, 201, 16, 35, 0, 0, 0.07%, 7, 0, 3, 3481.91
1640787705, 207, 16, 35, 0, 0, 0.07%, 7, 0, 3, 3516.93
1640787710, 213, 6, 35, 0, 0, 0.07%, 7, 0, 3, 3572.13
1640787715, 219, 22, 35, 0, 0, 0.07%, 7, 0, 3, 3638.03
1640787720, 226, 15, 35, 0, 0, 0.07%, 7, 0, 3, 3546.24
1640787726, 233, 16, 35, 0, 0, 0.07%, 7, 0, 3, 3706.62
1640787731, 240, 1, 35, 0, 0, 0.07%, 7, 0, 3, 3701.12
1640787736, 244, 8, 35, 0, 0, 0.07%, 7, 0, 3, 3467.70
1640787741, 251, 14, 35, 0, 0, 0.07%, 7, 0, 3, 3600.96
1640787746, 258, 1, 35, 0, 0, 0.07%, 7, 0, 3, 3620.82
1640787751, 263, 16, 35, 0, 0, 0.07%, 7, 0, 3, 3635.73
1640787757, 270, 1, 35, 0, 0, 0.07%, 7, 0, 3, 3677.62
1640787762, 276, 1, 35, 0, 0, 0.07%, 7, 0, 3, 3607.40
1640787767, 282, 1, 35, 0, 0, 0.07%, 7, 0, 3, 3518.45
1640787772, 288, 16, 35, 0, 0, 0.07%, 7, 0, 3, 3660.48
1640787777, 295, 16, 35, 0, 0, 0.07%, 7, 0, 3, 3637.43
1640787782, 302, 13, 35, 0, 0, 0.07%, 7, 0, 3, 3544.72
1640787788, 307, 30, 35, 0, 0, 0.07%, 7, 0, 3, 3608.30
1640787793, 314, 1, 35, 0, 0, 0.07%, 7, 0, 3, 3654.01
1640787798, 319, 22, 35, 0, 0, 0.07%, 7, 0, 3, 3538.68
1640787803, 327, 29, 35, 0, 0, 0.07%, 7, 0, 3, 3625.72
1640787808, 333, 16, 35, 0, 0, 0.07%, 7, 0, 3, 3751.35
1640787813, 340, 16, 35, 0, 0, 0.07%, 7, 0, 3, 3719.72
1640787818, 345, 20, 35, 0, 0, 0.07%, 7, 0, 3, 3618.34
1640787824, 352, 16, 35, 0, 0, 0.07%, 7, 0, 3, 3485.54
1640787829, 358, 16, 35, 0, 0, 0.07%, 7, 0, 3, 3644.89
1640787834, 364, 1, 35, 0, 0, 0.07%, 7, 0, 3, 3463.38
1640787839, 371, 1, 35, 0, 0, 0.07%, 7, 0, 3, 3688.99
1640787844, 378, 1, 35, 0, 0, 0.07%, 7, 0, 3, 3666.46
1640787849, 386, 1, 35, 0, 0, 0.07%, 7, 0, 3, 3725.65
1640787854, 392, 16, 35, 0, 0, 0.07%, 7, 0, 3, 3680.92
1640787860, 398, 8, 35, 0, 0, 0.07%, 7, 0, 3, 3491.11
1640787865, 404, 14, 35, 0, 0, 0.07%, 7, 0, 3, 3631.06
1640787870, 409, 16, 35, 0, 0, 0.07%, 7, 0, 3, 3531.84
1640787875, 415, 16, 35, 0, 0, 0.07%, 7, 0, 3, 3522.35
1640787880, 422, 16, 35, 0, 0, 0.07%, 7, 0, 3, 3819.54
1640787885, 429, 15, 35, 0, 0, 0.07%, 7, 0, 3, 3702.56
1640787890, 436, 16, 35, 0, 0, 0.07%, 7, 0, 3, 3572.02
1640787896, 443, 33, 35, 0, 0, 0.07%, 7, 0, 3, 3541.84
1640787901, 449, 34, 35, 0, 0, 0.07%, 7, 0, 3, 3528.49
1640787906, 455, 26, 35, 0, 0, 0.07%, 7, 0, 3, 3628.13
1640787911, 461, 27, 35, 0, 0, 0.07%, 7, 0, 3, 3551.21
1640787916, 468, 1, 35, 0, 0, 0.07%, 7, 0, 3, 3685.96
1640787921, 475, 16, 35, 0, 0, 0.07%, 7, 0, 3, 3774.41
1640787926, 481, 27, 35, 0, 0, 0.07%, 7, 0, 3, 3596.24
1640787932, 488, 16, 35, 0, 0, 0.07%, 7, 0, 3, 3706.58
1640787937, 495, 7, 35, 0, 0, 0.07%, 7, 0, 3, 3784.93
1640787942, 499, 16, 35, 0, 0, 0.07%, 7, 0, 3, 3555.26
1640787947, 505, 1, 35, 0, 0, 0.07%, 7, 0, 3, 3532.62
1640787952, 510, 8, 35, 0, 0, 0.07%, 7, 0, 3, 3418.18
1640787957, 516, 16, 35, 0, 0, 0.07%, 7, 0, 3, 3641.52
1640787962, 523, 8, 35, 0, 0, 0.07%, 7, 0, 3, 3602.98
1640787968, 529, 21, 35, 0, 0, 0.07%, 7, 0, 3, 3643.25
1640787973, 536, 1, 35, 0, 0, 0.07%, 7, 0, 3, 3610.53
1640787978, 542, 16, 35, 0, 0, 0.07%, 7, 0, 3, 3623.55
1640787983, 548, 1, 35, 0, 0, 0.07%, 7, 0, 3, 3505.24
1640787988, 553, 16, 35, 0, 0, 0.07%, 7, 0, 3, 3487.68
1640787994, 559, 1, 35, 0, 0, 0.07%, 7, 0, 3, 3572.84
1640787999, 564, 33, 35, 0, 0, 0.07%, 7, 0, 3, 3514.00
1640788004, 572, 1, 35, 0, 0, 0.07%, 7, 0, 3, 3613.37
1640788009, 577, 16, 35, 0, 0, 0.07%, 7, 0, 3, 3528.04
1640788014, 582, 16, 35, 0, 0, 0.07%, 7, 0, 3, 3695.21
1640788019, 587, 23, 35, 0, 0, 0.07%, 7, 0, 3, 3606.18
1640788024, 595, 1, 35, 0, 0, 0.07%, 7, 0, 3, 3595.34
1640788029, 599, 12, 35, 0, 0, 0.07%, 7, 0, 3, 3703.13
1640788034, 606, 1, 35, 0, 0, 0.07%, 7, 0, 3, 3716.52
1640788040, 611, 16, 35, 0, 0, 0.07%, 7, 0, 3, 3624.93
1640788045, 617, 28, 35, 0, 0, 0.07%, 7, 0, 3, 3570.95
1640788050, 624, 1, 35, 0, 0, 0.07%, 7, 0, 3, 3594.00
1640788055, 629, 22, 35, 0, 0, 0.07%, 7, 0, 3, 3622.17
1640788060, 635, 16, 35, 0, 0, 0.07%, 7, 0, 3, 3588.68
1640788065, 641, 1, 35, 0, 0, 0.07%, 7, 0, 3, 3672.39
1640788071, 646, 23, 35, 0, 0, 0.07%, 7, 0, 3, 3496.80
1640788076, 653, 1, 35, 0, 0, 0.07%, 7, 0, 3, 3595.38
1640788081, 658, 25, 35, 0, 0, 0.07%, 7, 0, 3, 3410.44
1640788086, 665, 1, 35, 0, 0, 0.07%, 7, 0, 3, 3604.28
1640788091, 671, 16, 35, 0, 0, 0.07%, 7, 0, 3, 3624.02
1640788096, 677, 31, 35, 0, 0, 0.07%, 7, 0, 3, 3589.33
1640788102, 683, 0, 35, 0, 0, 0.07%, 7, 0, 3, 3471.90
1640788107, 689, 1, 35, 0, 0, 0.07%, 7, 0, 3, 3653.46
1640788112, 695, 1, 35, 0, 0, 0.07%, 7, 0, 3, 3542.59
1640788117, 701, 16, 35, 0, 0, 0.07%, 7, 0, 3, 3509.90
1640788122, 706, 1, 39, 4, 0, 0.07%, 7, 0, 3, 3365.58
1640788127, 708, 1, 39, 1, 0, 0.07%, 7, 0, 3, 2824.87
1640788132, 711, 16, 39, 0, 0, 0.07%, 7, 0, 3, 2824.96
1640788137, 716, 1, 39, 0, 0, 0.07%, 7, 0, 3, 2947.97
1640788142, 718, 23, 39, 0, 0, 0.07%, 7, 0, 3, 2813.09
1640788147, 722, 7, 39, 0, 0, 0.07%, 7, 0, 3, 2918.39
1640788153, 727, 1, 39, 0, 0, 0.07%, 7, 0, 3, 3036.63
1640788158, 731, 1, 39, 0, 0, 0.07%, 7, 0, 3, 2977.66
1640788163, 734, 16, 39, 0, 0, 0.07%, 7, 0, 3, 2824.21
1640788168, 738, 1, 39, 0, 0, 0.07%, 7, 0, 3, 2878.74
1640788173, 741, 3, 39, 0, 0, 0.07%, 7, 0, 3, 2807.58
1640788178, 745, 16, 39, 0, 0, 0.07%, 7, 0, 3, 3086.67
1640788183, 750, 8, 39, 0, 0, 0.07%, 7, 0, 3, 3155.07
1640788188, 753, 16, 39, 0, 0, 0.07%, 7, 0, 3, 2920.43
1640788193, 757, 16, 39, 0, 0, 0.07%, 7, 0, 3, 3029.33
1640788198, 761, 4, 39, 0, 0, 0.07%, 7, 0, 3, 2833.31
1640788204, 766, 16, 39, 0, 0, 0.07%, 7, 0, 3, 3025.57
1640788209, 770, 16, 39, 0, 0, 0.07%, 7, 0, 3, 2978.50
1640788214, 774, 1, 39, 0, 0, 0.07%, 7, 0, 3, 2790.00
1640788219, 777, 38, 39, 0, 0, 0.07%, 7, 0, 3, 2847.28
1640788224, 781, 16, 39, 0, 0, 0.07%, 7, 0, 3, 2807.96
1640788229, 785, 16, 39, 0, 0, 0.07%, 7, 0, 3, 2881.02
1640788234, 789, 16, 39, 0, 0, 0.07%, 7, 0, 3, 2931.00
1640788239, 794, 1, 39, 0, 0, 0.07%, 7, 0, 3, 3014.18
1640788244, 798, 1, 39, 0, 0, 0.07%, 7, 0, 3, 2994.50
1640788249, 801, 35, 39, 0, 0, 0.07%, 7, 0, 3, 2905.09
1640788254, 804, 16, 39, 0, 0, 0.07%, 7, 0, 3, 2830.73
1640788259, 808, 35, 39, 0, 0, 0.07%, 7, 0, 3, 2904.04
1640788264, 813, 3, 39, 0, 0, 0.07%, 7, 0, 3, 3034.59
1640788269, 817, 16, 39, 0, 0, 0.07%, 7, 0, 3, 2906.62
1640788274, 821, 8, 39, 0, 0, 0.07%, 7, 0, 3, 3059.50
1640788280, 825, 16, 39, 0, 0, 0.07%, 7, 0, 3, 2959.89
1640788285, 829, 9, 39, 0, 0, 0.07%, 7, 0, 3, 2938.30
1640788290, 832, 24, 39, 0, 0, 0.07%, 7, 0, 3, 2990.47
1640788295, 836, 16, 39, 0, 0, 0.07%, 7, 0, 3, 2890.92
1640788300, 841, 1, 39, 0, 0, 0.07%, 7, 0, 3, 2968.13
1640788305, 844, 17, 39, 0, 0, 0.07%, 7, 0, 3, 2943.00
1640788310, 848, 19, 39, 0, 0, 0.07%, 7, 0, 3, 2962.05
1640788316, 852, 19, 39, 0, 0, 0.07%, 7, 0, 3, 2991.29
1640788321, 856, 16, 39, 0, 0, 0.07%, 7, 0, 3, 3050.72
1640788326, 861, 16, 39, 0, 0, 0.07%, 7, 0, 3, 2961.77
1640788331, 865, 8, 39, 0, 0, 0.07%, 7, 0, 3, 2934.11
1640788336, 868, 16, 39, 0, 0, 0.07%, 7, 0, 3, 2913.70
1640788341, 872, 16, 39, 0, 0, 0.07%, 7, 0, 3, 3015.49
1640788346, 876, 11, 39, 0, 0, 0.07%, 7, 0, 3, 2995.93
1640788351, 879, 16, 39, 0, 0, 0.07%, 7, 0, 3, 2790.93
1640788356, 883, 35, 39, 0, 0, 0.07%, 7, 0, 3, 2883.43
1640788361, 887, 8, 39, 0, 0, 0.07%, 7, 0, 3, 2964.95
1640788366, 891, 8, 39, 0, 0, 0.07%, 7, 0, 3, 2940.47
1640788371, 895, 16, 39, 0, 0, 0.07%, 7, 0, 3, 3025.17
1640788377, 899, 5, 39, 0, 0, 0.07%, 7, 0, 3, 2989.38
1640788382, 903, 1, 39, 0, 0, 0.07%, 7, 0, 3, 3029.69
1640788387, 906, 16, 39, 0, 0, 0.07%, 7, 0, 3, 2868.63
1640788392, 911, 16, 39, 0, 0, 0.07%, 7, 0, 3, 2929.33
1640788397, 914, 3, 39, 0, 0, 0.07%, 7, 0, 3, 2880.01
1640788402, 918, 1, 39, 0, 0, 0.07%, 7, 0, 3, 2813.19
1640788407, 923, 8, 39, 0, 0, 0.07%, 7, 0, 3, 2996.91
1640788412, 926, 36, 39, 0, 0, 0.07%, 7, 0, 3, 2792.58
1640788417, 931, 12, 39, 0, 0, 0.07%, 7, 0, 3, 3026.29
1640788423, 934, 38, 39, 0, 0, 0.07%, 7, 0, 3, 2914.82
1640788428, 938, 22, 39, 0, 0, 0.07%, 7, 0, 3, 2965.55
1640788433, 943, 1, 39, 0, 0, 0.07%, 7, 0, 3, 3027.62
1640788438, 946, 22, 39, 0, 0, 0.07%, 7, 0, 3, 2930.08
1640788443, 949, 16, 39, 0, 0, 0.07%, 7, 0, 3, 2872.70
1640788448, 953, 16, 39, 0, 0, 0.07%, 7, 0, 3, 2984.09
1640788453, 956, 1, 39, 0, 0, 0.07%, 7, 0, 3, 2739.72
1640788458, 959, 31, 39, 0, 0, 0.07%, 7, 0, 3, 2834.88
1640788464, 963, 18, 39, 0, 0, 0.07%, 7, 0, 3, 2929.06
1640788469, 968, 1, 39, 0, 0, 0.07%, 7, 0, 3, 2910.52
1640788474, 972, 16, 39, 0, 0, 0.07%, 7, 0, 3, 2999.36
1640788479, 978, 12, 39, 0, 0, 0.07%, 7, 0, 3, 3064.65
1640788484, 982, 1, 39, 0, 0, 0.07%, 7, 0, 3, 2975.72
1640788489, 985, 19, 39, 0, 0, 0.07%, 7, 0, 3, 2922.60
1640788494, 989, 16, 39, 0, 0, 0.07%, 7, 0, 3, 2921.62
1640788499, 993, 16, 39, 0, 0, 0.07%, 7, 0, 3, 2885.62
1640788504, 997, 10, 39, 0, 0, 0.07%, 7, 0, 3, 3037.59
1640788509, 1000, 7, 39, 0, 0, 0.07%, 7, 0, 3, 2983.45
1640788514, 1004, 1, 39, 0, 0, 0.07%, 7, 0, 3, 2895.01
1640788519, 1007, 16, 39, 0, 0, 0.07%, 7, 0, 3, 2809.60
1640788524, 1011, 16, 39, 0, 0, 0.07%, 7, 0, 3, 2992.22
1640788530, 1015, 1, 39, 0, 0, 0.07%, 7, 0, 3, 2941.10
1640788535, 1018, 35, 39, 0, 0, 0.07%, 7, 0, 3, 2853.65
1640788540, 1022, 16, 39, 0, 0, 0.07%, 7, 0, 3, 2895.84
1640788545, 1025, 25, 39, 0, 0, 0.07%, 7, 0, 3, 2728.04
1640788550, 1030, 0, 39, 0, 0, 0.07%, 7, 0, 3, 2992.48
1640788555, 1033, 20, 39, 0, 0, 0.07%, 7, 0, 3, 3015.56
1640788560, 1038, 17, 39, 0, 0, 0.07%, 7, 0, 3, 3018.05
1640788565, 1041, 37, 39, 0, 0, 0.07%, 7, 0, 3, 2876.09
1640788570, 1045, 7, 39, 0, 0, 0.07%, 7, 0, 3, 2904.18
1640788576, 1049, 8, 39, 0, 0, 0.07%, 7, 0, 3, 2952.67
1640788581, 1053, 27, 39, 0, 0, 0.07%, 7, 0, 3, 2917.87
1640788586, 1056, 14, 39, 0, 0, 0.07%, 7, 0, 3, 2832.24
1640788591, 1060, 36, 39, 0, 0, 0.07%, 7, 0, 3, 2912.76
1640788596, 1064, 1, 39, 0, 0, 0.07%, 7, 0, 3, 2896.86
1640788601, 1067, 1, 39, 0, 0, 0.07%, 7, 0, 3, 2738.27
1640788606, 1071, 28, 39, 0, 0, 0.07%, 7, 0, 3, 2931.62
1640788611, 1075, 1, 39, 0, 0, 0.07%, 7, 0, 3, 2908.61
1640788616, 1079, 1, 39, 0, 0, 0.07%, 7, 0, 3, 2919.40
1640788621, 1083, 1, 39, 0, 0, 0.07%, 7, 0, 3, 2903.61
1640788626, 1086, 3, 39, 0, 0, 0.07%, 7, 0, 3, 2918.75
1640788631, 1090, 22, 39, 0, 0, 0.07%, 7, 0, 3, 3126.49
1640788636, 1094, 16, 39, 0, 0, 0.07%, 7, 0, 3, 2880.01
1640788642, 1098, 1, 39, 0, 0, 0.07%, 7, 0, 3, 2886.82
1640788647, 1102, 8, 39, 0, 0, 0.07%, 7, 0, 3, 2944.44
1640788652, 1106, 16, 39, 0, 0, 0.07%, 7, 0, 3, 2976.79
1640788657, 1110, 22, 39, 0, 0, 0.07%, 7, 0, 3, 2920.39
1640788662, 1114, 14, 39, 0, 0, 0.07%, 7, 0, 3, 2955.85
1640788667, 1118, 1, 39, 0, 0, 0.07%, 7, 0, 3, 2949.35
1640788672, 1121, 21, 39, 0, 0, 0.07%, 7, 0, 3, 2928.02
1640788677, 1125, 37, 39, 0, 0, 0.07%, 7, 0, 3, 2796.92
1640788682, 1128, 38, 39, 0, 0, 0.07%, 7, 0, 3, 2752.13
1640788687, 1133, 16, 39, 0, 0, 0.07%, 7, 0, 3, 3012.51
1640788692, 1137, 36, 39, 0, 0, 0.07%, 7, 0, 3, 2888.22
1640788697, 1141, 37, 39, 0, 0, 0.07%, 7, 0, 3, 2820.29
1640788703, 1146, 29, 39, 0, 0, 0.07%, 7, 0, 3, 2989.70
1640788708, 1150, 16, 39, 0, 0, 0.07%, 7, 0, 3, 2931.66
1640788713, 1153, 30, 39, 0, 0, 0.07%, 7, 0, 3, 2778.33
1640788718, 1157, 15, 39, 0, 0, 0.07%, 7, 0, 3, 2962.56
1640788723, 1162, 1, 39, 0, 0, 0.07%, 7, 0, 3, 2909.38
1640788728, 1166, 1, 39, 0, 0, 0.07%, 7, 0, 3, 3040.93
1640788733, 1169, 37, 39, 0, 0, 0.07%, 7, 0, 3, 2837.66
1640788738, 1174, 16, 39, 0, 0, 0.07%, 7, 0, 3, 3003.80
1640788743, 1178, 1, 39, 0, 0, 0.07%, 7, 0, 3, 2842.40
1640788748, 1183, 1, 39, 0, 0, 0.07%, 7, 0, 3, 3084.38
1640788753, 1187, 16, 39, 0, 0, 0.07%, 7, 0, 3, 3022.44
